4
10
relu
1.9292459551105965 0.0820899606424333 -1.821843698508274 -2.006543594246732
3.6231444352887445 -1.1617507742905253 4.3366259493674955 0.4462083905136509
0.31490967616199556 -0.15878208044577394 1.058408438101244 -2.3627860086250525
-0.5923777438678246 -0.4923987830360668 0.8503843606542439 -1.1635405635535598
-0.17242820755043575 -0.8778584179213718 0.04221374671559283 0.5828152137158222
-1.3683940111413442 0.9165489045777369 0.8223252173783598 0.5554482080336199
1.280376782281507 0.05682586246173985 -1.0345723762288297 -1.6192909877826611
1.5170456922782356 2.8380155088173855 -2.803464034292117 -3.556607953930186
-0.6871727001195994 -0.8452056414987196 -0.671246130836819 -0.01266459891890136
0.007442434100094848 0.04603615409838318 4.2932343274969 2.3905938900919947
0.46018384458042955 -0.4717193739504757 -0.4891940610533236 1.6513666744982127 0.05080775477602897 -0.7356335029603615 0.7214924322017384 4.283161274688328 0.12015895248162915 0.1263982770730656
10
relu
0.9414513194204792 -0.9619853140898661 -1.182568480780949 -0.44697538539648496 -0.2088942333747781 0.565455938763505 1.1551856406885486 2.0426507809079775 0.2855873252542588 0.6180619734336108
0.280795036080575 1.4278204898274234 0.24581805037207763 -0.18145489948922625 0.48851814653749703 -0.3464071040230526 1.8294765099975812 3.0015322455914157 2.1855754065331614 -2.226900914876635
-1.4734551307686188 -0.6191651846669995 0.12529702811719806 0.8725692591966527 0.31563494724160523 -2.0253054701022437 -0.31740863646209716 0.7692699806507989 0.2300947353643834 0.7050888550549416
-0.11602142760574612 -0.5591043463234813 0.27616931671395023 0.4394533873967527 0.19829972012676975 0.018053553431220972 -0.6014499149103001 0.4029339923749161 0.12182127099143693 0.6761817420528062
1.0553536602500826 -0.34805004803141987 -0.5334512358230237 -0.6640413231623381 0.4234943540641129 0.038827906853553605 -0.3844687956999774 -0.10309218148691819 -0.6200008439481293 0.5103210085348004
-2.0718223208734083 -0.17468904284317513 -0.3891354043257113 0.32748136162529756 -1.0949118457410418 0.42247899505054565 -0.46915337276229974 -3.685289026217831 -0.26621850600362207 0.9022869241386281
-1.815607076267037 -0.11458621620547409 0.34193498305525294 -0.8603179015244669 0.35054597866410736 -1.2958138457765578 -0.6684147351343454 -3.374670656438139 1.121417708235664 0.6732613843380344
-0.20760188078091377 -1.0614276096454542 1.1717854672049122 1.9081356021025455 -1.857981864446752 1.1628916848371844 1.5714455801069311 0.21377689207316522 -1.199268032335186 0.6853159326487084
-0.18092030207815046 -0.6039206277932573 -1.2300581356669618 0.5505374959762154 0.7928068659193477 -0.6235307296797916 0.5205763370733708 -1.1443413896231427 0.8018610318713447 0.04656729842414554
1.0589583463288732 -0.6792076579382911 1.0642308804200007 0.9001013800739408 0.5294653243527092 0.09029956284584338 0.8326599056896855 3.024306970912168 0.23249455917873788 -0.37900890155885647
-0.2350793222234605 -2.0527787024209823 1.0185135693168117 2.227501791361272 0.34573904989758314 -0.8835648505097747 -0.5601553304841789 -0.18350862653311545 0.0174094083000046 -0.40357315003715205
5
linear
-0.028762573859852328 -1.0053663781411468 0.24795977960763751 -0.6306669612329074 0.01501485079034159 -0.08489949823850242 0.5400463367159276 0.4742489899362202 2.1906997289697334 -1.3317599915575211
-0.29209795313134607 0.7656426307960271 2.5272437453741543 -0.5134584111228555 -0.017937128368806652 -0.37672927742275014 1.104672881058819 -0.23868068663317288 0.6800698398781045 -0.5042607269346273
-2.338296637054118 0.9807434750735872 0.5016168755242 1.0668566424065764 -0.1982345451793833 -1.5235681790164666 0.6252295620367176 0.310640305006656 0.28066507712263905 0.1770993565773678
1.948051999858502 0.02299037555571344 1.904025359775084 0.7868013878524406 0.4316173092858201 -0.9874799516103717 0.8124955274920398 0.3557298665239303 0.8109516728035557 0.22115564566812887
-0.18095828177818146 -0.10620331921382181 -0.5617766242496707 2.000731988330659 -1.1419664308020567 0.06987236381915257 -0.18407240681047513 -0.8664326872880326 -1.119115398559728 1.7463261113035116
-1.0881820165357026 -1.5217213584577012 1.4882062900868578 -0.7774839686117081 -1.412195677004371
3
sigmoid
1.1156710843193516 0.06916181547285034 0.3695324051943084 2.501681137843257 0.21748008721529655
0.2502193960160267 -0.3017216510879505 0.7270437717202989 -0.6900851423871953 -0.35607573222023137
0.6557716798288056 0.22086924891031318 0.01664559006806444 -0.3759883820271167 0.2568214502289199
-0.06273578222984466 1.0796570899658262 -0.038870509020711
