4
10
relu
1.7383784563272426 -0.26585054656357854 -1.4285701682205234 -1.7995238016026605
2.846027528338025 -1.7280489623725874 5.497277348025814 1.4318967676948664
0.5398290002792268 0.3070670228348751 0.16434626475947098 -2.5606647361560184
0.49064990120384644 0.7698928051724888 -0.7567753041212806 -2.0077630071322234
-0.17242820755043575 -0.8778584179213718 0.04221374671559283 0.5828152137158222
-1.319376455569027 1.055996564480701 0.729317044144358 0.4449024543928857
1.6481572235296595 0.48622084287668593 -1.7723754701422276 -2.064817306625214
1.2281047265329375 2.116830955363093 -2.4036569411621738 -2.2369961480772482
-0.6871727001195994 -0.8452056414987196 -0.671246130836819 -0.01266459891890136
-1.2316775557569226 0.027534291974545096 1.6803040574122166 0.9657044449917924
0.3259324957107157 -1.1600848140961222 -0.20375859553168182 2.582439402866625 0.05080775477602897 -0.661746698154928 1.1095890748114088 3.244950179299551 0.12015895248162915 0.4996057772746383
10
relu
0.3732706590054275 -0.4411664736099674 -1.2147039690555888 -0.32751628081014583 -0.2088942333747781 0.5869830779895315 0.8789526179924333 1.2193944228794944 0.2855873252542588 0.76557499851656
-0.12817768082845304 -0.3568019174816524 0.25555591798620036 -0.3201190917611747 0.48851814653749703 -0.09828145939803044 1.6525829861417263 2.236782948538352 2.1855754065331614 -2.1120734179362084
-1.244922407340492 -0.5017090106030357 0.13770920486268634 1.037931392709967 0.31563494724160523 -2.030990330962992 0.04094542940415966 1.314090363169233 0.2300947353643834 0.2867859253739925
-0.7915247722924876 -0.038882678227183574 -0.016215076877423577 0.31920184271890994 0.19829972012676975 0.1054083117196275 -0.9700434784863751 0.6587169686733259 0.12182127099143693 0.9531341551137474
1.4534459626967167 -0.4573467970093762 -0.14633533096194742 -0.4746154174271058 0.4234943540641129 0.023663616533845758 -0.08659117686968283 -0.13712396611414773 -0.6200008439481293 -0.0712189968766603
-0.6541971034590961 0.13003262971613108 -0.25965121805650376 0.14173557377432497 -1.0949118457410418 0.24407128198889924 0.36750533452058326 -1.3578143404851823 -0.26621850600362207 -0.04619123788161615
-1.897743945564263 0.3464516192016811 0.4246029892694008 -1.4551885468372436 0.35054597866410736 -1.3239763957909467 -0.7777061011807432 -3.2176522553244697 1.121417708235664 1.0380443181617989
0.9026672327488037 -0.031713733924412596 2.1150391293264574 2.640084075768654 -1.857981864446752 1.2067344272677427 2.6391817092629806 1.6946592819716904 -1.199268032335186 0.8148815727532969
-0.18092030207815046 -0.6039206277932573 -1.2300581356669618 0.5505374959762154 0.7928068659193477 -0.6235307296797916 0.5205763370733708 -1.1443413896231427 0.8018610318713447 0.04656729842414554
0.8876314904055861 -0.021203079916074744 0.7147899140909707 1.3893473968563672 0.5294653243527092 0.1070143795524792 1.1596942501992464 2.9367403603211986 0.23249455917873788 0.22821214479968618
-0.30792429066385923 -2.3786156273954373 1.043826232358067 1.9971014166707732 0.5283463037987379 -0.30754436244552913 -0.5174312415423111 0.6102037954419105 0.0174094083000046 -0.5588049816101904
5
linear
-0.522162407895758 -0.5849274457477656 0.2512609445282334 -0.30728898591216885 0.12260033772387938 0.012674593720887447 0.692004281238739 -0.8195245774467357 2.1906997289697334 -1.5284893019615726
0.027430812692414767 2.179628220219531 2.5764292565297113 -0.1777934679230846 0.09513944024040298 -0.30263542527349346 0.7238421636653621 -0.13246720688495328 0.6800698398781045 -0.4835698023040525
-1.6499618155399691 -0.35411800636361895 0.4844686020775693 0.3620131131280435 0.11719438307586755 -1.1680120336185211 0.10590495136644686 1.1037897035908262 0.28066507712263905 -0.10157244264448001
0.7948190561421311 0.4878270281021993 1.9024928727928345 0.29386613588218324 0.586252006200951 -2.210678915449041 0.08859831298658732 0.41198610739962555 0.8109516728035557 0.13550885185643788
-0.23616831507364747 1.1632635225415326 -0.5598534504046456 2.932636350924454 -1.5688514836777137 -0.8375455555845784 -0.11608037016723854 -1.5957861372811866 -1.119115398559728 2.042783231979591
-0.9429253391839196 -1.5889964735450097 1.4386484635658252 -0.6068380448594084 -1.397112139971743
3
sigmoid
0.5870219632080104 0.4220734823242003 -0.33831712461312646 2.384221977305428 -0.26568957200702603
0.025601416991066016 -0.666859271006954 0.10076899111752627 0.06443773371927525 -0.06069268433332025
0.3285079513364898 0.07307019382765384 0.1473074811830155 -0.21310059636201176 0.07626154304414981
0.04046449444485372 1.0286210112730518 0.07570144722497997
